# k1        k2         band1      band2      band3      band4      band5      band6      band7      band8      band9     band10    band11    band12    band13    band14    band15    band16    band17    band18    scale  #G-M-K-G - siesta results
0.000000  0.000000  -2.282400  -2.149000  -2.148900  -2.033900  -1.979300  -1.979300  -0.263300  -0.124400  -0.123800  0.433300  0.804000  0.805100  1.080800  1.152000  1.152000  1.468800  1.816500  1.817700  0.000000
0.016700  0.000000  -2.286500  -2.155300  -2.149000  -2.033000  -1.977600  -1.976500  -0.263300  -0.124300  -0.123700  0.433300  0.803400  0.805000  1.079900  1.153300  1.156100  1.469200  1.816900  1.818200  0.012200
0.033300  0.000000  -2.297900  -2.171800  -2.150200  -2.033500  -1.972300  -1.967200  -0.263600  -0.123800  -0.123500  0.433500  0.801700  0.805000  1.078000  1.157000  1.167200  1.470500  1.817900  1.820000  0.024400
0.050000  0.000000  -2.315300  -2.194700  -2.153800  -2.039300  -1.963500  -1.951300  -0.263900  -0.123300  -0.122900  0.433700  0.798600  0.805100  1.077400  1.163100  1.183500  1.472800  1.819100  1.823400  0.036600
0.066700  0.000000  -2.336900  -2.221300  -2.161100  -2.050700  -1.951400  -1.931100  -0.264400  -0.122800  -0.121800  0.433900  0.793800  0.805200  1.079400  1.171400  1.203500  1.476000  1.820800  1.828300  0.048800
0.083300  0.000000  -2.361700  -2.250100  -2.172600  -2.067000  -1.936700  -1.908700  -0.265000  -0.122300  -0.120500  0.434100  0.787400  0.805400  1.085000  1.181800  1.226400  1.480400  1.822900  1.834700  0.061000
0.100000  0.000000  -2.388900  -2.280400  -2.188300  -2.087400  -1.919900  -1.885400  -0.265600  -0.121600  -0.119000  0.434300  0.779200  0.805700  1.094300  1.193900  1.251800  1.486100  1.825600  1.842500  0.073200
0.116700  0.000000  -2.417800  -2.311800  -2.207900  -2.111600  -1.901700  -1.861800  -0.266400  -0.120800  -0.117400  0.434300  0.769500  0.806100  1.107100  1.207600  1.279500  1.493300  1.828900  1.851800  0.085400
0.133300  0.000000  -2.448200  -2.344100  -2.231000  -2.139100  -1.882700  -1.838400  -0.267300  -0.119900  -0.115700  0.434200  0.758500  0.806600  1.123000  1.222200  1.309400  1.502400  1.832800  1.862500  0.097600
0.150000  0.000000  -2.479800  -2.377000  -2.257300  -2.169800  -1.863300  -1.815400  -0.268200  -0.118900  -0.114100  0.433900  0.746400  0.807200  1.141500  1.237400  1.341600  1.513500  1.837500  1.874800  0.109800
0.166700  0.000000  -2.512300  -2.410600  -2.286500  -2.203300  -1.843800  -1.792900  -0.269100  -0.117800  -0.112500  0.433300  0.733600  0.807900  1.161900  1.252700  1.376100  1.527100  1.842900  1.888700  0.122000
0.183300  0.000000  -2.545800  -2.444700  -2.318200  -2.239400  -1.824500  -1.771000  -0.270100  -0.116600  -0.110900  0.432600  0.720300  0.808600  1.183700  1.267600  1.412900  1.543400  1.849300  1.904000  0.134200
0.200000  0.000000  -2.580000  -2.479300  -2.352000  -2.277800  -1.805500  -1.749900  -0.271100  -0.115400  -0.109500  0.431600  0.706700  0.809300  1.206200  1.281700  1.452000  1.562700  1.856700  1.920900  0.146400
0.216700  0.000000  -2.614900  -2.514300  -2.387800  -2.318400  -1.787000  -1.729500  -0.272200  -0.114000  -0.108300  0.430300  0.693100  0.809900  1.229000  1.294500  1.493400  1.585100  1.865400  1.939100  0.158600
0.233300  0.000000  -2.650400  -2.549900  -2.425200  -2.360900  -1.769100  -1.710100  -0.273200  -0.112700  -0.107100  0.428900  0.679600  0.810500  1.251600  1.305900  1.536900  1.610300  1.875600  1.958400  0.170800
0.250000  0.000000  -2.686400  -2.585800  -2.464000  -2.405000  -1.752000  -1.691500  -0.274200  -0.111200  -0.106200  0.427300  0.666300  0.810900  1.273700  1.315900  1.582100  1.638400  1.887600  1.977900  0.183000
0.266700  0.000000  -2.722800  -2.622300  -2.503800  -2.450600  -1.735600  -1.674000  -0.275300  -0.109800  -0.105400  0.425600  0.653400  0.811200  1.295100  1.324400  1.628700  1.668700  1.901900  1.995800  0.195200
0.283300  0.000000  -2.759400  -2.659300  -2.544600  -2.497300  -1.720100  -1.657400  -0.276300  -0.108300  -0.104800  0.423800  0.640900  0.811200  1.315400  1.331700  1.675700  1.700900  1.919000  2.007600  0.207400
0.300000  0.000000  -2.795900  -2.696900  -2.585900  -2.544800  -1.705500  -1.641900  -0.277200  -0.106800  -0.104300  0.422000  0.629000  0.811100  1.334600  1.337800  1.722400  1.734500  1.939900  2.006200  0.219600
0.316700  0.000000  -2.831800  -2.735200  -2.627700  -2.593000  -1.692000  -1.627500  -0.278200  -0.105300  -0.104000  0.420100  0.617800  0.810800  1.342900  1.352600  1.767400  1.768900  1.965700  1.989300  0.231800
0.333300  0.000000  -2.866300  -2.774300  -2.669600  -2.641400  -1.679400  -1.614200  -0.279000  -0.103900  -0.103700  0.418300  0.607200  0.810400  1.347200  1.369200  1.803700  1.809100  1.964000  1.997600  0.244000
0.350000  0.000000  -2.897900  -2.814500  -2.711500  -2.689600  -1.667900  -1.602000  -0.279900  -0.103700  -0.102500  0.416500  0.597500  0.809700  1.350700  1.384200  1.838000  1.846800  1.937000  2.036300  0.256200
0.366700  0.000000  -2.924100  -2.856000  -2.753200  -2.737200  -1.657600  -1.591100  -0.280600  -0.103700  -0.101200  0.414800  0.588600  0.808900  1.353700  1.397800  1.869000  1.880100  1.914100  2.081400  0.268400
0.383300  0.000000  -2.942400  -2.899000  -2.794400  -2.783800  -1.648300  -1.581400  -0.281300  -0.103700  -0.100000  0.413300  0.580600  0.808100  1.356100  1.409700  1.874100  1.909900  1.918900  2.130900  0.280600
0.400000  0.000000  -2.951400  -2.943600  -2.835000  -2.828900  -1.640300  -1.572900  -0.281900  -0.103800  -0.098900  0.411900  0.573600  0.807200  1.358100  1.420100  1.855900  1.937300  1.949600  2.181100  0.292800
0.416700  0.000000  -2.989600  -2.953000  -2.874600  -2.872100  -1.633400  -1.565700  -0.282400  -0.103900  -0.097900  0.410700  0.567500  0.806300  1.359700  1.428800  1.837600  1.963000  1.983100  2.222100  0.305000
0.433300  0.000000  -3.036400  -2.951100  -2.913300  -2.912400  -1.627800  -1.559800  -0.282900  -0.104000  -0.097100  0.409700  0.562500  0.805500  1.360900  1.436000  1.822000  1.987400  2.016900  2.235400  0.317200
0.450000  0.000000  -3.081600  -2.958100  -2.951900  -2.938400  -1.623400  -1.555100  -0.283200  -0.104200  -0.096500  0.408900  0.558600  0.804900  1.361800  1.441500  1.809700  2.010200  2.050700  2.224200  0.329400
0.466700  0.000000  -3.117200  -2.988400  -2.987200  -2.938700  -1.620300  -1.551800  -0.283400  -0.104200  -0.096000  0.408300  0.555800  0.804300  1.362500  1.445500  1.800900  2.030200  2.084100  2.206900  0.341600
0.483300  0.000000  -3.124300  -3.016300  -3.015800  -2.936500  -1.618400  -1.549800  -0.283600  -0.104300  -0.095700  0.408000  0.554100  0.804000  1.362800  1.447800  1.795500  2.045100  2.116400  2.192300  0.353800
0.500000  0.000000  -3.118900  -3.028900  -3.028500  -2.935700  -1.617700  -1.549200  -0.283600  -0.104300  -0.095600  0.407800  0.553500  0.803900  1.363000  1.448600  1.793700  2.050800  2.137800  2.171000  0.366000
0.511100  0.022200  -3.129000  -3.021500  -3.018600  -2.935000  -1.663900  -1.503600  -0.284300  -0.104300  -0.095600  0.399700  0.551500  0.813500  1.363300  1.449600  1.793400  2.038000  2.112900  2.185500  0.380100
0.522200  0.044400  -3.140200  -3.002900  -2.997700  -2.932800  -1.733400  -1.435900  -0.286500  -0.104400  -0.095700  0.376500  0.547000  0.839200  1.364400  1.452700  1.792500  2.010500  2.075500  2.220500  0.394200
0.533300  0.066700  -3.135900  -2.980400  -2.973400  -2.929100  -1.805800  -1.366600  -0.290200  -0.104400  -0.095700  0.342000  0.542600  0.874600  1.366100  1.458300  1.791000  1.979500  2.039300  2.263500  0.408200
0.544400  0.088900  -3.118000  -2.957000  -2.948800  -2.923800  -1.879200  -1.297600  -0.295700  -0.104400  -0.095800  0.300400  0.539300  0.913800  1.368200  1.467500  1.788900  1.948800  2.006100  2.309400  0.422300
0.555600  0.111100  -3.093900  -2.934300  -2.925700  -2.915800  -1.953100  -1.229300  -0.303300  -0.104400  -0.095800  0.255300  0.536800  0.953100  1.370600  1.481300  1.786500  1.919600  1.976600  2.351800  0.436400
0.566700  0.133300  -3.067800  -2.915300  -2.907700  -2.899100  -2.027400  -1.162000  -0.313400  -0.104300  -0.095900  0.209500  0.534900  0.989300  1.372800  1.500900  1.783800  1.892300  1.951200  2.372600  0.450500
0.577800  0.155600  -3.041800  -2.903800  -2.887300  -2.877800  -2.101900  -1.096000  -0.326400  -0.104000  -0.096000  0.164800  0.533500  1.020900  1.374500  1.527000  1.781200  1.867100  1.930100  2.357400  0.464500
0.588900  0.177800  -3.017200  -2.893300  -2.865600  -2.856800  -2.176300  -1.031500  -0.343000  -0.103700  -0.096000  0.122900  0.532200  1.046800  1.375700  1.559500  1.779000  1.844100  1.913700  2.326400  0.478600
0.600000  0.200000  -2.995400  -2.882600  -2.843200  -2.836100  -2.250600  -0.968700  -0.363500  -0.103200  -0.095900  0.084900  0.531200  1.066800  1.376200  1.596900  1.777600  1.823500  1.902500  2.290400  0.492700
0.611100  0.222200  -2.977600  -2.872100  -2.820200  -2.814700  -2.324600  -0.908200  -0.388200  -0.102600  -0.095600  0.051900  0.530400  1.081700  1.376400  1.636200  1.777200  1.805500  1.898100  2.252300  0.506800
0.622200  0.244400  -2.964900  -2.862400  -2.797500  -2.790400  -2.398000  -0.850600  -0.416800  -0.101900  -0.095000  0.024500  0.529700  1.092200  1.376200  1.673000  1.777600  1.790300  1.903400  2.212900  0.520800
0.633300  0.266700  -2.958000  -2.854300  -2.774500  -2.762800  -2.470300  -0.797000  -0.448300  -0.101400  -0.094000  0.002900  0.529200  1.099300  1.375900  1.702300  1.775700  1.780100  1.922400  2.172900  0.534900
0.644400  0.288900  -2.957500  -2.848400  -2.750000  -2.733000  -2.540900  -0.749800  -0.480200  -0.101100  -0.092800  -0.012700  0.528800  1.103700  1.375600  1.722100  1.768000  1.777300  1.955900  2.132600  0.549000
0.655600  0.311100  -2.963400  -2.845000  -2.723800  -2.702400  -2.608000  -0.713900  -0.507100  -0.101000  -0.091600  -0.022200  0.528600  1.106000  1.375400  1.733200  1.764000  1.773200  1.998200  2.093200  0.563100
0.666700  0.333300  -2.972800  -2.843900  -2.701300  -2.682900  -2.653700  -0.699300  -0.518700  -0.100900  -0.091200  -0.025400  0.528500  1.106800  1.375300  1.736500  1.765300  1.768900  2.029100  2.065900  0.577100
0.644400  0.322200  -2.960900  -2.844700  -2.742800  -2.661800  -2.629500  -0.712800  -0.507900  -0.100900  -0.091700  -0.022400  0.528600  1.106100  1.375300  1.734400  1.761100  1.775500  2.002600  2.085000  0.591200
0.622200  0.311100  -2.947200  -2.846200  -2.795600  -2.630300  -2.595600  -0.746500  -0.482600  -0.101000  -0.093000  -0.013500  0.528800  1.104300  1.375500  1.728300  1.757700  1.786500  1.964000  2.097300  0.605300
0.600000  0.300000  -2.938000  -2.850200  -2.838500  -2.597000  -2.560700  -0.790100  -0.452900  -0.101000  -0.094700  0.000800  0.529200  1.101200  1.375800  1.718300  1.757700  1.799100  1.926100  2.094800  0.619400
0.577800  0.288900  -2.935700  -2.885200  -2.839800  -2.562700  -2.525400  -0.838500  -0.423700  -0.101000  -0.096500  0.019900  0.529700  1.097000  1.375900  1.705300  1.759000  1.812300  1.892400  2.085100  0.633500
0.555600  0.277800  -2.941300  -2.921100  -2.830200  -2.527600  -2.490000  -0.889400  -0.397400  -0.100900  -0.098200  0.043300  0.530500  1.091500  1.375700  1.690100  1.755900  1.824200  1.869900  2.073700  0.647600
0.533300  0.266700  -2.956500  -2.951000  -2.815800  -2.492100  -2.454800  -0.941500  -0.374400  -0.101000  -0.099600  0.070500  0.531400  1.084600  1.375100  1.673300  1.740100  1.834000  1.866900  2.063800  0.661700
0.511100  0.255600  -2.986100  -2.968200  -2.798300  -2.456200  -2.420000  -0.994300  -0.355100  -0.101300  -0.100600  0.100900  0.532500  1.076300  1.373900  1.655200  1.711200  1.847900  1.876500  2.057700  0.675800
0.488900  0.244400  -3.009900  -2.985700  -2.778700  -2.420400  -2.385700  -1.047400  -0.339000  -0.102400  -0.100700  0.133700  0.534000  1.066600  1.371800  1.635700  1.675800  1.868000  1.888300  2.057600  0.689900
0.466700  0.233300  -3.005200  -2.998200  -2.757600  -2.384600  -2.352000  -1.100500  -0.325700  -0.103500  -0.100800  0.168000  0.535800  1.055200  1.368900  1.614300  1.639000  1.888500  1.902400  2.065200  0.704000
0.444400  0.222200  -3.010200  -2.952800  -2.735300  -2.349200  -2.319200  -1.153400  -0.314900  -0.104700  -0.100800  0.203000  0.538200  1.042400  1.364900  1.586600  1.607000  1.895500  1.929700  2.079800  0.718100
0.422200  0.211100  -3.001400  -2.893800  -2.711800  -2.314300  -2.287300  -1.206000  -0.306000  -0.105800  -0.101000  0.238000  0.541400  1.028100  1.359600  1.550400  1.583300  1.895000  1.963500  2.081200  0.732200
0.400000  0.200000  -2.972100  -2.832900  -2.687400  -2.280300  -2.256500  -1.258100  -0.298800  -0.106900  -0.101300  0.272000  0.545700  1.012400  1.353100  1.511300  1.562700  1.890700  1.999100  2.024400  0.746300
0.377800  0.188900  -2.928900  -2.772100  -2.661900  -2.247200  -2.226900  -1.309800  -0.292800  -0.108000  -0.101700  0.304300  0.551600  0.995600  1.345100  1.472000  1.543200  1.883000  1.958400  2.033400  0.760400
0.355600  0.177800  -2.879100  -2.712100  -2.635400  -2.215600  -2.198500  -1.360900  -0.287900  -0.109200  -0.102200  0.333800  0.559700  0.977800  1.335400  1.433200  1.524400  1.865200  1.903500  2.054000  0.774500
0.333300  0.166700  -2.826900  -2.653200  -2.607900  -2.185900  -2.171200  -1.411200  -0.283900  -0.110500  -0.103000  0.359700  0.570600  0.959400  1.323600  1.395700  1.506100  1.816700  1.881500  2.048400  0.788600
0.311100  0.155600  -2.774200  -2.595800  -2.579200  -2.158900  -2.144500  -1.460900  -0.280500  -0.111700  -0.103900  0.381300  0.584800  0.940600  1.308900  1.360600  1.488100  1.759000  1.872000  2.025000  0.802700
0.288900  0.144400  -2.722200  -2.549600  -2.540000  -2.135100  -2.118300  -1.509800  -0.277700  -0.113000  -0.105000  0.398300  0.602400  0.921800  1.289500  1.330000  1.469800  1.703600  1.864400  1.996900  0.816800
0.266700  0.133300  -2.671500  -2.518400  -2.486300  -2.114400  -2.093200  -1.557900  -0.275300  -0.114300  -0.106300  0.410900  0.622900  0.903500  1.263800  1.305800  1.450500  1.652800  1.857600  1.969000  0.830900
0.244400  0.122200  -2.622800  -2.485900  -2.434900  -2.096700  -2.069600  -1.605100  -0.273300  -0.115500  -0.107800  0.419900  0.645600  0.885900  1.234200  1.286300  1.428900  1.608200  1.851300  1.943200  0.845000
0.222200  0.111100  -2.576300  -2.452100  -2.386000  -2.081800  -2.048000  -1.651200  -0.271500  -0.116800  -0.109500  0.425900  0.669300  0.869500  1.204200  1.268500  1.403900  1.571200  1.845600  1.919800  0.859000
0.200000  0.100000  -2.532400  -2.417100  -2.340000  -2.069600  -2.028800  -1.696400  -0.270000  -0.118000  -0.111300  0.429800  0.693200  0.854600  1.175500  1.251400  1.375200  1.542200  1.840200  1.899100  0.873100
0.177800  0.088900  -2.491200  -2.381100  -2.297300  -2.060000  -2.012200  -1.740300  -0.268600  -0.119100  -0.113300  0.432100  0.716300  0.841400  1.149200  1.234700  1.343400  1.520700  1.835400  1.881000  0.887200
0.155600  0.077800  -2.452500  -2.344500  -2.258400  -2.052900  -1.998400  -1.782900  -0.267500  -0.120200  -0.115300  0.433400  0.737800  0.830200  1.126100  1.218600  1.310400  1.504900  1.831100  1.865500  0.901300
0.133300  0.066700  -2.416400  -2.308100  -2.224100  -2.047700  -1.987700  -1.823900  -0.266400  -0.121200  -0.117200  0.434000  0.757000  0.821200  1.106900  1.203300  1.277600  1.493400  1.827300  1.852300  0.915400
0.111100  0.055600  -2.382800  -2.272400  -2.195400  -2.043900  -1.980100  -1.863000  -0.265500  -0.122000  -0.119100  0.434200  0.773300  0.814300  1.092300  1.189200  1.246400  1.484900  1.824100  1.841400  0.929500
0.088900  0.044400  -2.352000  -2.238100  -2.173200  -2.040500  -1.975500  -1.899500  -0.264700  -0.122700  -0.120800  0.434000  0.786000  0.809600  1.082600  1.176700  1.217800  1.478700  1.821400  1.832700  0.943600
0.066700  0.033300  -2.324900  -2.206300  -2.158700  -2.036700  -1.974000  -1.932300  -0.264100  -0.123300  -0.122200  0.433800  0.795000  0.806700  1.078000  1.166400  1.192600  1.474200  1.819300  1.826000  0.957700
0.044400  0.022200  -2.302800  -2.178200  -2.151400  -2.033300  -1.975000  -1.958800  -0.263600  -0.123800  -0.123200  0.433500  0.800500  0.805400  1.077600  1.158600  1.171900  1.471100  1.817800  1.821300  0.971800
0.022200  0.011100  -2.287800  -2.157200  -2.149100  -2.032800  -1.977600  -1.975000  -0.263400  -0.124300  -0.123700  0.433300  0.803200  0.805100  1.079600  1.153700  1.157400  1.469400  1.816900  1.818600  0.985900
0.000000  0.000000  -2.282400  -2.149000  -2.148900  -2.033900  -1.979300  -1.979300  -0.263300  -0.124400  -0.123800  0.433300  0.804000  0.805100  1.080800  1.152000  1.152000  1.468800  1.816500  1.817700  1.000000
