# k1        k2         band1      band2      band3      band4      band5      band6      band7      band8      band9     band10    band11    band12    band13    band14    band15    band16    band17    band18    scale  #G-M-K-G - siesta results
0.000000  0.000000  -2.267500  -2.205200  -2.107300  -2.054400  -1.974800  -1.967400  -0.260900  -0.151000  -0.110400  0.063700  0.649100  0.954100  1.089500  1.157100  1.162200  1.413000  1.764000  1.789500  0.000000
0.016700  0.000000  -2.272200  -2.207800  -2.111000  -2.051800  -1.973400  -1.965500  -0.260800  -0.151100  -0.110000  0.063700  0.648400  0.954300  1.086800  1.157300  1.168500  1.413800  1.764400  1.789900  0.012200
0.033300  0.000000  -2.285100  -2.216500  -2.118800  -2.048400  -1.968600  -1.959600  -0.260500  -0.151100  -0.108800  0.063600  0.646400  0.954800  1.080500  1.161800  1.181900  1.416100  1.765800  1.791100  0.024400
0.050000  0.000000  -2.304000  -2.232200  -2.127600  -2.050200  -1.960000  -1.948500  -0.260000  -0.151100  -0.106900  0.063400  0.643100  0.955500  1.073200  1.171000  1.199400  1.420000  1.768000  1.793200  0.036600
0.066700  0.000000  -2.326800  -2.253600  -2.137900  -2.058800  -1.948600  -1.931900  -0.259300  -0.151000  -0.104200  0.063100  0.638500  0.955600  1.067400  1.183900  1.219900  1.425500  1.771100  1.796200  0.048800
0.083300  0.000000  -2.352400  -2.279000  -2.151000  -2.073100  -1.935000  -1.911800  -0.258600  -0.150900  -0.101000  0.062700  0.632600  0.954500  1.064700  1.199900  1.243000  1.432600  1.775200  1.800200  0.061000
0.100000  0.000000  -2.380100  -2.307200  -2.167800  -2.092300  -1.919300  -1.890000  -0.257700  -0.150700  -0.097300  0.062200  0.625600  0.951500  1.066000  1.218500  1.268300  1.441400  1.780100  1.805300  0.073200
0.116700  0.000000  -2.409400  -2.337200  -2.188200  -2.115500  -1.902200  -1.867300  -0.256900  -0.150500  -0.093100  0.061700  0.617500  0.946300  1.071700  1.239100  1.295700  1.452100  1.785900  1.811700  0.085400
0.133300  0.000000  -2.440000  -2.368600  -2.212200  -2.142200  -1.884100  -1.844500  -0.256000  -0.150100  -0.088700  0.061100  0.608600  0.939200  1.081200  1.261200  1.325200  1.464900  1.792600  1.819400  0.097600
0.150000  0.000000  -2.471600  -2.401000  -2.239500  -2.172200  -1.865400  -1.821900  -0.255100  -0.149700  -0.084200  0.060400  0.599000  0.930700  1.093800  1.284400  1.356700  1.479900  1.800200  1.828800  0.109800
0.166700  0.000000  -2.504200  -2.434300  -2.269600  -2.205100  -1.846600  -1.799700  -0.254300  -0.149100  -0.079500  0.059700  0.589000  0.921400  1.108300  1.308200  1.389900  1.497700  1.808800  1.839900  0.122000
0.183300  0.000000  -2.537600  -2.468200  -2.302200  -2.240500  -1.827900  -1.778000  -0.253500  -0.148600  -0.074900  0.058900  0.578600  0.911600  1.124200  1.332000  1.424700  1.518600  1.818500  1.852900  0.134200
0.200000  0.000000  -2.571800  -2.502800  -2.337100  -2.278300  -1.809400  -1.757000  -0.252700  -0.147900  -0.070500  0.058100  0.568000  0.901700  1.140500  1.355200  1.460800  1.543100  1.829500  1.868100  0.146400
0.216700  0.000000  -2.606600  -2.538000  -2.373900  -2.318300  -1.791500  -1.736800  -0.252100  -0.147200  -0.066200  0.057200  0.557400  0.891900  1.157000  1.377100  1.498100  1.571400  1.841900  1.885600  0.158600
0.233300  0.000000  -2.642000  -2.573700  -2.412300  -2.360000  -1.774100  -1.717400  -0.251400  -0.146500  -0.062300  0.056300  0.546900  0.882200  1.173100  1.397400  1.536300  1.603400  1.856100  1.905700  0.170800
0.250000  0.000000  -2.678000  -2.610000  -2.452000  -2.403400  -1.757300  -1.698900  -0.250900  -0.145700  -0.058600  0.055400  0.536600  0.872800  1.188600  1.415800  1.575300  1.638700  1.872300  1.928700  0.183000
0.266700  0.000000  -2.714500  -2.646800  -2.492800  -2.448100  -1.741400  -1.681400  -0.250400  -0.145000  -0.055300  0.054500  0.526600  0.863800  1.203300  1.432400  1.614800  1.676400  1.891100  1.954800  0.195200
0.283300  0.000000  -2.751300  -2.684200  -2.534300  -2.493900  -1.726300  -1.664800  -0.249900  -0.144200  -0.052400  0.053600  0.517000  0.855200  1.217100  1.447300  1.654200  1.715500  1.913100  1.984000  0.207400
0.300000  0.000000  -2.788100  -2.722300  -2.576400  -2.540600  -1.712100  -1.649300  -0.249500  -0.143400  -0.049900  0.052600  0.507800  0.847000  1.229900  1.460800  1.693100  1.754800  1.938800  2.014200  0.219600
0.316700  0.000000  -2.824600  -2.761000  -2.618800  -2.587800  -1.698800  -1.634900  -0.249100  -0.142600  -0.047800  0.051700  0.499200  0.839300  1.241800  1.473000  1.731100  1.793300  1.967800  1.997200  0.231800
0.333300  0.000000  -2.859900  -2.800400  -2.661300  -2.635300  -1.686600  -1.621600  -0.248800  -0.141800  -0.046100  0.050800  0.491200  0.832200  1.252600  1.484000  1.767400  1.829800  1.953700  2.007600  0.244000
0.350000  0.000000  -2.892800  -2.840600  -2.703600  -2.682700  -1.675400  -1.609500  -0.248500  -0.141000  -0.044700  0.050000  0.483700  0.825600  1.262400  1.494000  1.801300  1.863700  1.918200  2.048200  0.256200
0.366700  0.000000  -2.921100  -2.881600  -2.745500  -2.729700  -1.665300  -1.598500  -0.248300  -0.140300  -0.043500  0.049100  0.477000  0.819600  1.271200  1.503200  1.829200  1.886300  1.898900  2.093800  0.268400
0.383300  0.000000  -2.942800  -2.922200  -2.786900  -2.775800  -1.656300  -1.588800  -0.248100  -0.139600  -0.042700  0.048400  0.471000  0.814200  1.279000  1.511500  1.832100  1.886800  1.926700  2.141900  0.280600
0.400000  0.000000  -2.971400  -2.946900  -2.827500  -2.820700  -1.648500  -1.580300  -0.248000  -0.138900  -0.042000  0.047600  0.465700  0.809500  1.285800  1.519100  1.811100  1.911300  1.955500  2.188100  0.292800
0.416700  0.000000  -3.013600  -2.950600  -2.867500  -2.863500  -1.641800  -1.573100  -0.247900  -0.138400  -0.041600  0.047000  0.461200  0.805400  1.291600  1.525900  1.788500  1.939700  1.983600  2.222700  0.305000
0.433300  0.000000  -3.056600  -2.949800  -2.907500  -2.901500  -1.636300  -1.567200  -0.247800  -0.137900  -0.041300  0.046500  0.457500  0.802100  1.296400  1.531900  1.768500  1.967600  2.011500  2.230400  0.317200
0.450000  0.000000  -3.096100  -2.956500  -2.946200  -2.927400  -1.632000  -1.562600  -0.247700  -0.137500  -0.041100  0.046000  0.454600  0.799400  1.300100  1.536900  1.752300  1.993400  2.039400  2.212700  0.329400
0.466700  0.000000  -3.121600  -2.983500  -2.980200  -2.931400  -1.629000  -1.559300  -0.247700  -0.137200  -0.040900  0.045700  0.452500  0.797500  1.302800  1.540800  1.740200  2.015400  2.067500  2.185500  0.341600
0.483300  0.000000  -3.123400  -3.011600  -3.006000  -2.930100  -1.627100  -1.557300  -0.247700  -0.137000  -0.040900  0.045500  0.451300  0.796400  1.304400  1.543200  1.732800  2.031000  2.096100  2.156000  0.353800
0.500000  0.000000  -3.119900  -3.024000  -3.017000  -2.929400  -1.626500  -1.556600  -0.247700  -0.136900  -0.040900  0.045400  0.450900  0.796000  1.304900  1.544000  1.730300  2.036700  2.121100  2.130600  0.366000
0.511100  0.022200  -3.127700  -3.015300  -3.009700  -2.928600  -1.671700  -1.512000  -0.248000  -0.136900  -0.042400  0.045900  0.442000  0.804000  1.307400  1.544000  1.730000  2.022300  2.096700  2.158000  0.380100
0.522200  0.044400  -3.139200  -2.995300  -2.992200  -2.926400  -1.740500  -1.445000  -0.248900  -0.137100  -0.047000  0.047200  0.418200  0.825400  1.315000  1.544000  1.729000  1.992400  2.064000  2.198700  0.394200
0.533300  0.066700  -3.140800  -2.971700  -2.970500  -2.922500  -1.812100  -1.376300  -0.250600  -0.137300  -0.054800  0.049300  0.385000  0.854200  1.328200  1.544100  1.727200  1.959500  2.030300  2.245100  0.408200
0.544400  0.088900  -3.127200  -2.948100  -2.947700  -2.916500  -1.884800  -1.307800  -0.253300  -0.137500  -0.065700  0.051900  0.347500  0.885100  1.347700  1.544400  1.724700  1.927500  1.998000  2.293900  0.422300
0.555600  0.111100  -3.105100  -2.927800  -2.924400  -2.906600  -1.958000  -1.240000  -0.257200  -0.137900  -0.080100  0.055100  0.309500  0.914300  1.373800  1.545300  1.721200  1.897900  1.968400  2.341000  0.436400
0.566700  0.133300  -3.080200  -2.913300  -2.901800  -2.890300  -2.031500  -1.173100  -0.263100  -0.138200  -0.097600  0.058600  0.273500  0.939600  1.406100  1.547600  1.716600  1.871100  1.942100  2.372700  0.450500
0.577800  0.155600  -3.055100  -2.902400  -2.879800  -2.870000  -2.105100  -1.107400  -0.272000  -0.138700  -0.117500  0.062400  0.241200  0.960000  1.442800  1.552700  1.710700  1.847500  1.919700  2.368000  0.464500
0.588900  0.177800  -3.031500  -2.892000  -2.858200  -2.848800  -2.178600  -1.042900  -0.285400  -0.140900  -0.136700  0.066400  0.213700  0.975500  1.478400  1.565100  1.703500  1.827200  1.901800  2.342000  0.478600
0.600000  0.200000  -3.010700  -2.881400  -2.836500  -2.827300  -2.251900  -0.979800  -0.305600  -0.158600  -0.139100  0.070600  0.191300  0.986800  1.503500  1.591900  1.695200  1.810300  1.889400  2.309300  0.492700
0.611100  0.222200  -2.993800  -2.870900  -2.814400  -2.805000  -2.324800  -0.918500  -0.333800  -0.174400  -0.139600  0.074800  0.173900  0.994600  1.516000  1.632100  1.686200  1.796400  1.884400  2.274100  0.506800
0.622200  0.244400  -2.981700  -2.861100  -2.791600  -2.781200  -2.396800  -0.859100  -0.369800  -0.186100  -0.139900  0.078800  0.161400  0.999900  1.522000  1.668800  1.683400  1.785300  1.890000  2.238200  0.520800
0.633300  0.266700  -2.974800  -2.852700  -2.767700  -2.755300  -2.467600  -0.802100  -0.411800  -0.194000  -0.140300  0.082100  0.153400  1.003300  1.525100  1.665400  1.713400  1.777000  1.910700  2.202600  0.534900
0.644400  0.288900  -2.972900  -2.846300  -2.742300  -2.727500  -2.536500  -0.748200  -0.457600  -0.199200  -0.140500  0.084400  0.150000  1.005400  1.526600  1.658300  1.733500  1.773200  1.948200  2.168900  0.549000
0.655600  0.311100  -2.973300  -2.842200  -2.715200  -2.698900  -2.601800  -0.699200  -0.503900  -0.202600  -0.140700  0.085400  0.151000  1.006600  1.526300  1.653100  1.738500  1.775400  1.994900  2.142000  0.563100
0.666700  0.333300  -2.968700  -2.840200  -2.686700  -2.683900  -2.648400  -0.662100  -0.543000  -0.204600  -0.140800  0.085000  0.156300  1.007200  1.524100  1.650400  1.735900  1.780900  2.026800  2.138300  0.577100
0.644400  0.322200  -2.957700  -2.839600  -2.731400  -2.655600  -2.627600  -0.660800  -0.550700  -0.205600  -0.140800  0.083800  0.165200  1.007300  1.519800  1.650300  1.731700  1.786800  2.019900  2.131600  0.591200
0.622200  0.311100  -2.946300  -2.839400  -2.783600  -2.623500  -2.595300  -0.698900  -0.522900  -0.205700  -0.140700  0.082000  0.177200  1.007100  1.513100  1.651600  1.729000  1.792200  1.995500  2.100600  0.605300
0.600000  0.300000  -2.938700  -2.838000  -2.830100  -2.590200  -2.561500  -0.749400  -0.486500  -0.205000  -0.140600  0.080100  0.192100  1.006500  1.504300  1.652300  1.729800  1.796200  1.969900  2.069600  0.619400
0.577800  0.288900  -2.937100  -2.872800  -2.831400  -2.556000  -2.527200  -0.803300  -0.450600  -0.203700  -0.140400  0.078200  0.209500  1.005500  1.493600  1.650100  1.735700  1.796900  1.949200  2.039700  0.633500
0.555600  0.277800  -2.942500  -2.910300  -2.821000  -2.521000  -2.492800  -0.858500  -0.417400  -0.201700  -0.140100  0.076300  0.229500  1.003800  1.481100  1.644300  1.744900  1.793400  1.938200  2.011600  0.647600
0.533300  0.266700  -2.954400  -2.943700  -2.806500  -2.485500  -2.458400  -0.914000  -0.387600  -0.199000  -0.139700  0.074600  0.251900  1.001500  1.467000  1.635200  1.746600  1.794300  1.938900  1.985400  0.661700
0.511100  0.255600  -2.977800  -2.966000  -2.789000  -2.449800  -2.424400  -0.969500  -0.361600  -0.195800  -0.139100  0.073100  0.276600  0.998200  1.451200  1.623800  1.730000  1.811300  1.949100  1.962000  0.675800
0.488900  0.244400  -2.998900  -2.982600  -2.769500  -2.413900  -2.390900  -1.024900  -0.339300  -0.191900  -0.138500  0.071600  0.303300  0.993800  1.434000  1.610600  1.703200  1.838200  1.939100  1.968500  0.689900
0.466700  0.233300  -2.997300  -2.987300  -2.748400  -2.378200  -2.358000  -1.079900  -0.320700  -0.187700  -0.137800  0.070400  0.331900  0.988200  1.415500  1.596100  1.672200  1.869900  1.920700  1.991000  0.704000
0.444400  0.222200  -3.005000  -2.940200  -2.726100  -2.342900  -2.325800  -1.134400  -0.305500  -0.183300  -0.136900  0.069300  0.362000  0.981200  1.395800  1.580500  1.639500  1.893100  1.916900  2.016200  0.718100
0.422200  0.211100  -2.998900  -2.882400  -2.702700  -2.308200  -2.294500  -1.188500  -0.293200  -0.178800  -0.135800  0.068400  0.393200  0.972600  1.375300  1.564100  1.605800  1.883100  1.951600  2.041000  0.732200
0.400000  0.200000  -2.974600  -2.822300  -2.678200  -2.274500  -2.264000  -1.241900  -0.283300  -0.174700  -0.134500  0.067600  0.425200  0.962600  1.354300  1.546800  1.572000  1.870100  1.992200  2.033600  0.746300
0.377800  0.188900  -2.935900  -2.762200  -2.652700  -2.242800  -2.233700  -1.294600  -0.275500  -0.171100  -0.133000  0.066900  0.457500  0.951000  1.332900  1.527900  1.539200  1.858300  1.961600  2.029300  0.760400
0.355600  0.177800  -2.889300  -2.702700  -2.626100  -2.214000  -2.203100  -1.346700  -0.269400  -0.168000  -0.131200  0.066400  0.489700  0.938200  1.311500  1.501100  1.514000  1.847300  1.894400  2.029900  0.774500
0.333300  0.166700  -2.839000  -2.644500  -2.598500  -2.188100  -2.172600  -1.398000  -0.264700  -0.165600  -0.129300  0.066000  0.521500  0.924400  1.290300  1.468400  1.494600  1.824900  1.842600  2.006700  0.788600
0.311100  0.155600  -2.787500  -2.588100  -2.569400  -2.164500  -2.143000  -1.448500  -0.261000  -0.163700  -0.127400  0.065700  0.552200  0.910100  1.269500  1.435600  1.475500  1.765400  1.832000  1.977700  0.802700
0.288900  0.144400  -2.736000  -2.542400  -2.530400  -2.143300  -2.114800  -1.498200  -0.258300  -0.162200  -0.125400  0.065400  0.581300  0.895900  1.249000  1.403500  1.456000  1.707100  1.824700  1.948100  0.816800
0.266700  0.133300  -2.685400  -2.510700  -2.478300  -2.124400  -2.088400  -1.547000  -0.256400  -0.160900  -0.123400  0.065200  0.608100  0.882800  1.229000  1.372300  1.435600  1.652900  1.818500  1.920000  0.830900
0.244400  0.122200  -2.636100  -2.478800  -2.427600  -2.107800  -2.064000  -1.594900  -0.255300  -0.159800  -0.121600  0.065100  0.631500  0.871900  1.209600  1.342300  1.414100  1.603700  1.813000  1.894100  0.845000
0.222200  0.111100  -2.588700  -2.446000  -2.379500  -2.093700  -2.041800  -1.641800  -0.254700  -0.158800  -0.119800  0.064900  0.650500  0.864600  1.190800  1.313900  1.390600  1.560300  1.808300  1.870800  0.859000
0.200000  0.100000  -2.543300  -2.412300  -2.334300  -2.082100  -2.022100  -1.687600  -0.254700  -0.157800  -0.118200  0.064800  0.663900  0.862400  1.172800  1.287000  1.364800  1.523700  1.804200  1.850000  0.873100
0.177800  0.088900  -2.500100  -2.377900  -2.292700  -2.072800  -2.005100  -1.732200  -0.255100  -0.156800  -0.116700  0.064600  0.671100  0.866000  1.156000  1.262100  1.336600  1.494100  1.800600  1.831700  0.887200
0.155600  0.077800  -2.459300  -2.343200  -2.255200  -2.065400  -1.991000  -1.775600  -0.255800  -0.155800  -0.115300  0.064500  0.672800  0.874900  1.140500  1.239100  1.306800  1.470900  1.797300  1.816000  0.901300
0.133300  0.066700  -2.420700  -2.308800  -2.222600  -2.059600  -1.979900  -1.817400  -0.256700  -0.154700  -0.114100  0.064300  0.670600  0.887600  1.126700  1.218200  1.276900  1.453200  1.793900  1.803200  0.915400
0.111100  0.055600  -2.384600  -2.275500  -2.195600  -2.054400  -1.972000  -1.857300  -0.257700  -0.153800  -0.113000  0.064200  0.666200  0.902400  1.114900  1.199700  1.248200  1.439600  1.787900  1.795800  0.929500
0.088900  0.044400  -2.351000  -2.245100  -2.174400  -2.049100  -1.967200  -1.894600  -0.258700  -0.152900  -0.112100  0.064000  0.661100  0.917600  1.105400  1.183800  1.221900  1.429500  1.779800  1.792900  0.943600
0.066700  0.033300  -2.320600  -2.220800  -2.157000  -2.044100  -1.965500  -1.927900  -0.259600  -0.152100  -0.111400  0.063900  0.656200  0.931800  1.098200  1.171000  1.199100  1.422000  1.772900  1.791300  0.957700
0.044400  0.022200  -2.294500  -2.207300  -2.138400  -2.042400  -1.967000  -1.953500  -0.260300  -0.151500  -0.110900  0.063800  0.652400  0.943500  1.093200  1.162000  1.180700  1.416900  1.767900  1.790300  0.971800
0.022200  0.011100  -2.275100  -2.204500  -2.118300  -2.048100  -1.972200  -1.965000  -0.260700  -0.151200  -0.110500  0.063700  0.649900  0.951300  1.090400  1.157500  1.167800  1.414000  1.765000  1.789700  0.985900
0.000000  0.000000  -2.267500  -2.205200  -2.107300  -2.054400  -1.974800  -1.967400  -0.260900  -0.151000  -0.110400  0.063700  0.649100  0.954100  1.089500  1.157100  1.162200  1.413000  1.764000  1.789500  1.000000
