# k1        k2         band1      band2      band3      band4      band5      band6      band7      band8      band9     band10    band11    band12    band13    band14    band15    band16    band17    band18    scale  #G-M-K-G - siesta results
0.000000  0.000000  -2.200500  -2.200400  -2.069000  -2.069000  -1.897400  -1.868500  -0.768600  -0.365500  -0.364900  0.651400  0.651500  0.771700  1.229600  1.239900  1.601800  1.601900  1.657100  1.657300  0.000000
0.016700  0.000000  -2.205300  -2.205000  -2.067600  -2.066800  -1.896800  -1.868300  -0.768600  -0.365800  -0.364200  0.649900  0.652300  0.772100  1.231700  1.240500  1.597600  1.598200  1.662200  1.662500  0.012200
0.033300  0.000000  -2.218600  -2.217600  -2.064700  -2.061700  -1.894800  -1.867300  -0.768600  -0.366800  -0.361900  0.645300  0.655100  0.773200  1.237800  1.242200  1.587800  1.590000  1.674800  1.675200  0.024400
0.050000  0.000000  -2.237800  -2.236200  -2.063000  -2.056800  -1.890700  -1.864900  -0.768500  -0.368600  -0.358100  0.638100  0.659700  0.774700  1.245000  1.247700  1.576300  1.581200  1.691300  1.691500  0.036600
0.066700  0.000000  -2.261000  -2.258800  -2.064900  -2.054900  -1.883800  -1.860100  -0.768300  -0.371100  -0.352900  0.628600  0.665800  0.776500  1.248300  1.261100  1.564900  1.573600  1.709800  1.710100  0.048800
0.083300  0.000000  -2.286800  -2.284200  -2.071900  -2.057900  -1.873800  -1.852300  -0.768200  -0.374200  -0.346500  0.617400  0.673500  0.778300  1.251900  1.277400  1.554400  1.568500  1.729600  1.730300  0.061000
0.100000  0.000000  -2.314500  -2.311600  -2.084200  -2.066600  -1.861100  -1.841400  -0.768000  -0.377800  -0.339000  0.604900  0.682400  0.780100  1.255200  1.295800  1.545500  1.566700  1.750600  1.751800  0.073200
0.116700  0.000000  -2.343600  -2.340600  -2.101400  -2.081000  -1.846300  -1.827600  -0.767800  -0.381900  -0.330500  0.591400  0.692400  0.781700  1.257500  1.315600  1.538900  1.568900  1.772600  1.774300  0.085400
0.133300  0.000000  -2.373800  -2.370800  -2.123000  -2.100600  -1.830100  -1.811800  -0.767600  -0.386400  -0.321200  0.577300  0.703300  0.783200  1.258400  1.335400  1.535500  1.575700  1.795600  1.797800  0.097600
0.150000  0.000000  -2.405000  -2.402000  -2.148400  -2.124600  -1.813100  -1.794500  -0.767300  -0.391300  -0.311300  0.562800  0.714800  0.784400  1.257400  1.353800  1.536400  1.587500  1.819500  1.822200  0.109800
0.166700  0.000000  -2.436900  -2.434000  -2.177000  -2.152400  -1.795800  -1.776400  -0.767000  -0.396400  -0.301000  0.548100  0.726800  0.785500  1.254400  1.369200  1.543100  1.604400  1.844400  1.847600  0.122000
0.183300  0.000000  -2.469400  -2.466800  -2.208200  -2.183500  -1.778400  -1.757900  -0.766700  -0.401700  -0.290400  0.533300  0.739200  0.786400  1.249500  1.380400  1.556400  1.626300  1.870200  1.874000  0.134200
0.200000  0.000000  -2.502600  -2.500200  -2.241800  -2.217500  -1.761300  -1.739300  -0.766400  -0.407100  -0.279700  0.518700  0.751700  0.787200  1.242700  1.387100  1.576200  1.652800  1.896900  1.901400  0.146400
0.216700  0.000000  -2.536400  -2.534000  -2.277400  -2.254100  -1.744700  -1.720900  -0.766100  -0.412700  -0.269000  0.504200  0.764400  0.787800  1.234500  1.390200  1.601400  1.683300  1.924300  1.930000  0.158600
0.233300  0.000000  -2.570700  -2.568300  -2.314700  -2.292700  -1.728700  -1.702900  -0.765800  -0.418200  -0.258400  0.489900  0.777000  0.788300  1.225000  1.391000  1.630500  1.717200  1.952200  1.959900  0.170800
0.250000  0.000000  -2.605500  -2.602800  -2.353300  -2.333300  -1.713300  -1.685400  -0.765500  -0.423700  -0.248100  0.476000  0.788800  0.789600  1.214700  1.390400  1.662100  1.754000  1.980300  1.991300  0.183000
0.266700  0.000000  -2.640800  -2.637400  -2.393000  -2.375400  -1.698700  -1.668600  -0.765200  -0.429100  -0.238100  0.462500  0.789100  0.802100  1.203600  1.389100  1.695300  1.793000  2.007600  2.024400  0.195200
0.283300  0.000000  -2.676600  -2.671800  -2.433600  -2.418800  -1.685000  -1.652600  -0.764900  -0.434400  -0.228500  0.449400  0.789400  0.814400  1.192100  1.387700  1.729200  1.833500  2.032700  2.059600  0.207400
0.300000  0.000000  -2.712900  -2.705800  -2.474800  -2.463200  -1.672200  -1.637400  -0.764600  -0.439500  -0.219300  0.436900  0.789600  0.826500  1.180300  1.386500  1.762900  1.874900  2.053000  2.097100  0.219600
0.316700  0.000000  -2.749800  -2.738600  -2.516500  -2.508500  -1.660400  -1.623100  -0.764300  -0.444400  -0.210600  0.424900  0.789700  0.838500  1.168300  1.385700  1.796000  1.916300  2.064600  2.137400  0.231800
0.333300  0.000000  -2.787100  -2.769500  -2.558400  -2.554300  -1.649500  -1.609900  -0.764100  -0.449000  -0.202500  0.413500  0.789800  0.850200  1.156300  1.385200  1.827500  1.957200  2.065100  2.180700  0.244000
0.350000  0.000000  -2.825000  -2.797300  -2.600400  -2.600300  -1.639700  -1.597700  -0.763800  -0.453400  -0.195000  0.402900  0.789900  0.861600  1.144500  1.385300  1.856200  1.997100  2.057300  2.227300  0.256200
0.366700  0.000000  -2.863400  -2.820200  -2.646400  -2.642200  -1.630800  -1.586600  -0.763600  -0.457400  -0.188100  0.393000  0.789900  0.872600  1.132800  1.385800  1.880100  2.035600  2.047600  2.277100  0.268400
0.383300  0.000000  -2.902100  -2.836400  -2.692000  -2.683800  -1.623000  -1.576700  -0.763400  -0.461000  -0.181900  0.384000  0.790000  0.883200  1.121600  1.386800  1.896100  2.043100  2.072400  2.312600  0.280600
0.400000  0.000000  -2.940700  -2.845300  -2.737000  -2.724900  -1.616300  -1.568000  -0.763200  -0.464200  -0.176400  0.375900  0.790000  0.893300  1.110900  1.388000  1.901900  2.048500  2.107500  2.320500  0.292800
0.416700  0.000000  -2.978500  -2.848000  -2.780800  -2.765400  -1.610600  -1.560500  -0.763100  -0.467000  -0.171600  0.368900  0.790000  0.902600  1.101000  1.389500  1.898900  2.063800  2.140500  2.319000  0.305000
0.433300  0.000000  -3.013300  -2.846800  -2.823000  -2.805000  -1.605900  -1.554400  -0.762900  -0.469300  -0.167700  0.363000  0.790000  0.911000  1.092000  1.390900  1.891400  2.085200  2.171200  2.308700  0.317200
0.450000  0.000000  -3.040300  -2.862700  -2.847300  -2.840100  -1.602300  -1.549600  -0.762800  -0.471100  -0.164600  0.358400  0.790000  0.918200  1.084500  1.392300  1.883000  2.109200  2.198600  2.292500  0.329400
0.466700  0.000000  -3.040500  -2.898400  -2.880500  -2.840100  -1.599700  -1.546200  -0.762800  -0.472400  -0.162300  0.355000  0.790000  0.923700  1.078600  1.393400  1.876000  2.132800  2.221400  2.273800  0.341600
0.483300  0.000000  -3.016300  -2.926200  -2.911800  -2.838000  -1.598100  -1.544100  -0.762700  -0.473200  -0.161000  0.352900  0.790000  0.927200  1.074900  1.394100  1.871400  2.152500  2.237100  2.256800  0.353800
0.500000  0.000000  -3.003100  -2.937800  -2.927000  -2.837300  -1.597600  -1.543400  -0.762700  -0.473500  -0.160500  0.352200  0.790000  0.928400  1.073600  1.394300  1.869800  2.160900  2.242900  2.249200  0.366000
0.511100  0.022200  -3.018100  -2.924100  -2.921700  -2.836500  -1.642700  -1.499200  -0.762700  -0.474700  -0.160000  0.348800  0.789900  0.928900  1.072700  1.399800  1.868600  2.157200  2.200700  2.294300  0.380100
0.522200  0.044400  -3.048000  -2.907900  -2.898200  -2.834100  -1.707800  -1.436900  -0.762700  -0.478400  -0.158400  0.338900  0.789800  0.930300  1.070200  1.416000  1.865100  2.146800  2.158800  2.344900  0.394200
0.533300  0.066700  -3.046600  -2.889100  -2.870500  -2.830200  -1.775200  -1.374000  -0.762700  -0.484600  -0.155600  0.323100  0.789700  0.932700  1.066500  1.441600  1.859100  2.120600  2.132000  2.397800  0.408200
0.544400  0.088900  -3.037300  -2.867900  -2.843500  -2.824600  -1.843700  -1.311900  -0.762700  -0.493300  -0.151700  0.302100  0.789400  0.935900  1.062100  1.475300  1.850600  2.086500  2.115200  2.452400  0.422300
0.555600  0.111100  -3.022200  -2.845500  -2.819500  -2.815900  -1.912700  -1.251200  -0.762700  -0.504500  -0.146600  0.277100  0.789200  0.940000  1.057500  1.515600  1.839600  2.056800  2.098100  2.508200  0.436400
0.566700  0.133300  -3.004500  -2.822400  -2.809200  -2.793500  -1.982100  -1.191900  -0.762700  -0.518300  -0.140200  0.249100  0.788900  0.944800  1.052800  1.561000  1.826400  2.031400  2.082000  2.506100  0.450500
0.577800  0.155600  -2.986500  -2.799100  -2.798700  -2.771400  -2.051700  -1.134300  -0.762700  -0.534500  -0.132400  0.219000  0.788600  0.950200  1.048000  1.610200  1.811500  2.010000  2.068200  2.485500  0.464500
0.588900  0.177800  -2.969900  -2.787600  -2.774400  -2.751000  -2.121200  -1.078700  -0.762700  -0.553300  -0.123200  0.187900  0.788400  0.956200  1.043200  1.661600  1.795800  1.992000  2.057400  2.459400  0.478600
0.600000  0.200000  -2.955700  -2.775100  -2.749100  -2.732200  -2.190500  -1.025000  -0.762700  -0.574600  -0.112400  0.156400  0.788100  0.962600  1.038400  1.713600  1.780100  1.976700  2.050700  2.431400  0.492700
0.611100  0.222200  -2.945100  -2.762100  -2.722800  -2.714500  -2.259300  -0.973600  -0.762700  -0.598500  -0.099900  0.125300  0.787900  0.969300  1.033400  1.764000  1.765500  1.963400  2.049200  2.403400  0.506800
0.622200  0.244400  -2.938700  -2.749700  -2.697500  -2.695000  -2.327200  -0.924600  -0.762700  -0.624800  -0.085700  0.095100  0.787600  0.976100  1.028200  1.752600  1.810000  1.951400  2.054200  2.377500  0.520800
0.633300  0.266700  -2.937100  -2.738800  -2.678900  -2.667000  -2.393500  -0.878200  -0.762700  -0.653700  -0.069600  0.066200  0.787500  0.983100  1.022700  1.742200  1.848400  1.940300  2.066300  2.356500  0.534900
0.644400  0.288900  -2.940800  -2.730800  -2.658800  -2.638500  -2.457300  -0.834400  -0.762700  -0.684900  -0.051700  0.038900  0.787400  0.990100  1.016900  1.734500  1.877300  1.929800  2.082900  2.344700  0.549000
0.655600  0.311100  -2.950300  -2.726000  -2.636200  -2.612800  -2.515100  -0.793300  -0.762700  -0.718500  -0.032000  0.013500  0.787300  0.997000  1.010800  1.729900  1.897100  1.919700  2.097300  2.348500  0.563100
0.666700  0.333300  -2.965900  -2.724400  -2.611600  -2.610000  -2.545900  -0.762700  -0.755600  -0.753700  -0.010700  -0.009700  0.787300  1.003700  1.004400  1.728400  1.909600  1.910100  2.102700  2.372300  0.577100
0.644400  0.322200  -2.948000  -2.725700  -2.651800  -2.584100  -2.528300  -0.791900  -0.762800  -0.719700  -0.031600  0.012800  0.787300  0.997200  1.010700  1.729700  1.900800  1.916500  2.098900  2.339100  0.591200
0.622200  0.311100  -2.930800  -2.729200  -2.700400  -2.555100  -2.498600  -0.831400  -0.762800  -0.687000  -0.051200  0.037700  0.787400  0.989700  1.017400  1.733200  1.892700  1.917500  2.091200  2.304900  0.605300
0.600000  0.300000  -2.915900  -2.746200  -2.733800  -2.524600  -2.466600  -0.872400  -0.762800  -0.657100  -0.069100  0.063900  0.787500  0.981700  1.024300  1.737900  1.886500  1.911600  2.085600  2.271300  0.619400
0.577800  0.288900  -2.904300  -2.787800  -2.738200  -2.492900  -2.434000  -0.914800  -0.762900  -0.629700  -0.085400  0.091300  0.787600  0.973300  1.031300  1.741900  1.883600  1.898400  2.085900  2.238700  0.633500
0.555600  0.277800  -2.897300  -2.825500  -2.740400  -2.460200  -2.401200  -0.958400  -0.763000  -0.604800  -0.100300  0.119600  0.787800  0.964400  1.038800  1.742900  1.878400  1.886100  2.092700  2.207400  0.647600
0.533300  0.266700  -2.896100  -2.859900  -2.738400  -2.426700  -2.368600  -1.002900  -0.763100  -0.582100  -0.114000  0.148500  0.788000  0.954900  1.046700  1.739000  1.853800  1.894900  2.105200  2.178000  0.661700
0.511100  0.255600  -2.900000  -2.891100  -2.731100  -2.392700  -2.336400  -1.048200  -0.763200  -0.561500  -0.126700  0.177800  0.788200  0.944800  1.055300  1.729800  1.826400  1.909700  2.121700  2.151300  0.675800
0.488900  0.244400  -2.918200  -2.903500  -2.718800  -2.358300  -2.304800  -1.094000  -0.763400  -0.542800  -0.138800  0.207100  0.788400  0.934100  1.064800  1.715800  1.797500  1.927800  2.128800  2.140700  0.689900
0.466700  0.233300  -2.938600  -2.891300  -2.702300  -2.323700  -2.274100  -1.140200  -0.763500  -0.525800  -0.150400  0.236300  0.788600  0.922800  1.075200  1.698100  1.768300  1.944700  2.113900  2.160400  0.704000
0.444400  0.222200  -2.946800  -2.852600  -2.682400  -2.289100  -2.244300  -1.186600  -0.763700  -0.510200  -0.161700  0.265100  0.788700  0.910800  1.086700  1.677600  1.739500  1.953800  2.111300  2.178200  0.718100
0.422200  0.211100  -2.936600  -2.800700  -2.659600  -2.254700  -2.215700  -1.233100  -0.763900  -0.496000  -0.172800  0.293400  0.788900  0.898100  1.099200  1.654800  1.711700  1.949900  2.123000  2.190400  0.732200
0.400000  0.200000  -2.908200  -2.746500  -2.633500  -2.220700  -2.188400  -1.279600  -0.764100  -0.483000  -0.184100  0.321100  0.788900  0.884700  1.112700  1.630300  1.685200  1.934100  2.131900  2.192200  0.746300
0.377800  0.188900  -2.867900  -2.694400  -2.603100  -2.187200  -2.162700  -1.326000  -0.764400  -0.471000  -0.195500  0.348000  0.789000  0.870500  1.127300  1.604600  1.660500  1.910100  2.096800  2.180000  0.760400
0.355600  0.177800  -2.821300  -2.647800  -2.566500  -2.154400  -2.138700  -1.372100  -0.764700  -0.459900  -0.207200  0.374100  0.788900  0.855500  1.142600  1.578000  1.637800  1.879700  2.047200  2.155000  0.774500
0.333300  0.166700  -2.771800  -2.608200  -2.522900  -2.122600  -2.116500  -1.417800  -0.765000  -0.449600  -0.219200  0.399400  0.788800  0.839800  1.158600  1.550800  1.617500  1.843500  2.001500  2.121200  0.788600
0.311100  0.155600  -2.721200  -2.573900  -2.474600  -2.096700  -2.091600  -1.463100  -0.765300  -0.440000  -0.231500  0.423900  0.788600  0.823600  1.175000  1.523500  1.599600  1.802400  1.962300  2.082900  0.802700
0.288900  0.144400  -2.670400  -2.542500  -2.424300  -2.079000  -2.062200  -1.507700  -0.765600  -0.430900  -0.244200  0.447500  0.788300  0.806800  1.191300  1.496300  1.584300  1.758500  1.928900  2.042600  0.816800
0.266700  0.133300  -2.620000  -2.512300  -2.374200  -2.063700  -2.034300  -1.551700  -0.765900  -0.422400  -0.257000  0.470400  0.787900  0.789700  1.207200  1.469300  1.571700  1.714300  1.899800  2.001900  0.830900
0.244400  0.122200  -2.570600  -2.482400  -2.325400  -2.051000  -2.008200  -1.594800  -0.766300  -0.414400  -0.270100  0.492500  0.772400  0.787300  1.222000  1.442700  1.561900  1.672200  1.873600  1.961800  0.845000
0.222200  0.111100  -2.522500  -2.452600  -2.278600  -2.041100  -1.984000  -1.636900  -0.766600  -0.406900  -0.283100  0.513800  0.755300  0.786600  1.235000  1.416500  1.554900  1.634200  1.849100  1.922900  0.859000
0.200000  0.100000  -2.475900  -2.422700  -2.234500  -2.034000  -1.962000  -1.677800  -0.766900  -0.399800  -0.295900  0.534300  0.738500  0.785700  1.245400  1.390600  1.550600  1.602200  1.825700  1.885400  0.873100
0.177800  0.088900  -2.431200  -2.392600  -2.193700  -2.029800  -1.942400  -1.717100  -0.767200  -0.393200  -0.308300  0.554100  0.722400  0.784600  1.252600  1.365000  1.548900  1.577900  1.803200  1.849700  0.887200
0.155600  0.077800  -2.388600  -2.362500  -2.156800  -2.028600  -1.925500  -1.754300  -0.767500  -0.387100  -0.320200  0.572800  0.707400  0.783200  1.256200  1.339600  1.549800  1.562200  1.781100  1.815800  0.901300
0.133300  0.066700  -2.348400  -2.332400  -2.124600  -2.030200  -1.911600  -1.788800  -0.767800  -0.381600  -0.331100  0.590500  0.693500  0.781600  1.256500  1.315000  1.553200  1.555100  1.759500  1.784000  0.915400
0.111100  0.055600  -2.311100  -2.302800  -2.098200  -2.034500  -1.900900  -1.819300  -0.768000  -0.376800  -0.340900  0.606800  0.681300  0.779700  1.254200  1.291800  1.555500  1.558900  1.738200  1.754300  0.929500
0.088900  0.044400  -2.277200  -2.274000  -2.079000  -2.041200  -1.894100  -1.843900  -0.768200  -0.372700  -0.349400  0.621400  0.670900  0.777600  1.250500  1.271000  1.561800  1.566700  1.717500  1.727000  0.943600
0.066700  0.033300  -2.247400  -2.247100  -2.068000  -2.049700  -1.892000  -1.859800  -0.768400  -0.369400  -0.356200  0.633700  0.662600  0.775500  1.246500  1.253600  1.572100  1.576300  1.697500  1.702200  0.957700
0.044400  0.022200  -2.223700  -2.223100  -2.065100  -2.058600  -1.894200  -1.866400  -0.768500  -0.367000  -0.361200  0.643200  0.656500  0.773600  1.240500  1.243000  1.584500  1.587100  1.679000  1.680600  0.971800
0.022200  0.011100  -2.206800  -2.206500  -2.067300  -2.066000  -1.896600  -1.868200  -0.768600  -0.365600  -0.364300  0.649300  0.652700  0.772200  1.232300  1.240700  1.596300  1.597100  1.663800  1.664100  0.985900
0.000000  0.000000  -2.200500  -2.200400  -2.069000  -2.069000  -1.897400  -1.868500  -0.768600  -0.365500  -0.364900  0.651400  0.651500  0.771700  1.229600  1.239900  1.601800  1.601900  1.657100  1.657300  1.000000
